Id	City	State Id	Population	Area	Density	Latitude	Longitude
0	unknown	0	0	0	0	0	0
1	New York	79	8491079	783.8	10430	40.6643	-73.9385
4	Los Angeles	1	3928864	1213.9	3124	34.0194	-118.4108
5	Chicago	401	2722389	589.6	4572	41.8376	-87.6818
6	Housto	368	2239558	1552.9	1352	29.7805	-95.3863
7	Philadelphi	408	1560297	347.3	4394	40.0094	-75.1333
8	Phoenix	253	1537058	1338.3	1080	33.5722	-112.088
9	San Antonio	368	1436697	1193.8	1112	29.4724	-98.5251
10	San Diego	1	1381069	842.2	1552	32.8153	-117.135
11	Dallas	368	1281047	881.9	1358	32.7757	-96.7967
12	San Jose	1	1015785	457.3	2069	37.2969	-121.8193
13	Austin	368	912791	835.2	1024	30.3072	-97.7561
14	Jacksonville	396	853382	1934.7	433	30.3371	-81.6613
16	San Francisco	1	852469	121.4	6633	37.7751	-122.4193
17	Indianapolis	27	848788	936.1	876	39.7767	-86.1459
18	Columbus	333	835957	562.5	1399	39.9848	-82.9851
19	Fort Worth	368	812238	880.1	842	32.7795	-97.3463
20	Charlotte	403	809958	771	949	35.2087	-80.8307
21	Detroit	183	680250	359.4	1986	42.3831	-83.1022
22	El Paso	368	679036	661.1	982	31.8484	-106.427
23	Seattle	399	668342	217.4	2800	47.6205	-122.3509
24	Denver	201	663862	396.3	1515	39.7618	-104.8806
25	Washington	399	658893	158.1	3806	38.9041	-77.0171
26	Memphis	2	656861	816	793	35.1035	-89.9785
28	Boston	124	655884	125	4939	42.3321	-71.0202
29	Nashville	2	644014	1230.8	489	36.1718	-86.7851
30	Baltimore	106	622793	209.6	2962	39.3002	-76.6105
31	Oklahoma City	308	620602	1570.6	369	35.4671	-97.5137
32	Portland	40	619360	345.6	1689	45.5371	-122.6511
33	Las Vegas	400	613599	351.8	1660	36.2277	-115.2641
34	Louisville	298	612780	842.4	709	38.1781	-85.6667
35	Milwaukee	407	599642	249	2389	43.0633	-87.9667
36	Albuquerque	3	557169	486.2	1123	35.1056	-106.6474
37	Tucson	253	527972	587.2	886	32.1543	-110.8711
38	Fresno	1	515986	293.2	1706	36.7827	-119.7945
39	Sacramento	1	485199	253.6	1839	38.5666	-121.4686
41	Long Beach	1	473577	130.3	3549	33.8091	-118.1553
42	Kansas City	409	470800	815.7	564	39.1252	-94.5511
43	Mesa	253	464704	353.4	1242	33.4019	-111.7174
44	Atlanta	15	456002	344.9	1218	33.7629	-84.4227
45	Virginia Beach	134	450980	644.9	679	36.7793	-76.024
46	Omaha	374	446599	329.2	1242	41.2647	-96.0419
47	Colorado Springs	201	445830	503.9	826	38.8673	-104.7607
48	Raleigh	403	439896	370.1	1091	35.8302	-78.6414
49	Miami	396	430332	92.9	4455	25.7752	-80.2086
50	Oakland	1	413775	144.8	2704	37.7699	-122.2256
51	Minneapolis	395	407207	139.8	2737	44.9633	-93.2683
52	Tulsa	308	399682	509.6	769	36.1279	-95.9023
53	Cleveland	333	389521	201.2	1972	41.4781	-81.6795
54	Wichita	359	388413	412.6	927	37.6907	-97.3427
56	New Orleans	405	384320	438.8	784	30.0686	-89.939
57	Arlington	368	383204	248.3	1472	32.7007	-97.1247
58	Bakersfield	1	368759	368.2	944	35.3212	-119.0183
59	Tampa	396	358699	293.7	1182	27.9701	-82.4797
60	Aurora	201	353108	369.1	881	39.7082	-104.8235
61	Honolulu	80	350399	156.7	2152	21.3259	-157.8453
62	Anaheim	1	346997	129.1	2605	33.8555	-117.7601
63	Santa Ana	1	334909	70.6	4595	33.7365	-117.8826
64	Corpus Christi	368	320434	416	734	27.7543	-97.1734
66	Riverside	1	319504	210.2	1446	33.9381	-117.3932
67	St. Louis	409	317419	160.3	1991	38.6357	-90.2446
68	Lexington	298	310797	734.6	403	38.0402	-84.4584
69	Pittsburgh	408	305412	143.4	2132	40.4398	-79.9766
70	Stockton	1	302389	159.7	1826	37.9763	-121.3133
71	Anchorage	404	301010	4415.1	66	61.2176	-149.8953
72	Cincinnati	333	298165	201.9	1471	39.1399	-84.5064
73	Saint Paul	395	297640	134.6	2118	44.9489	-93.1039
74	Greensboro	403	282586	327.7	823	36.0965	-79.8271
75	Toledo	333	281031	209	1374	41.6641	-83.5819
76	Newark	397	280579	62.6	4424	40.7242	-74.1726
77	Plano	368	278480	185.4	1402	33.0508	-96.7479
78	Henderson	400	277440	279	924	36.0122	-115.0375
81	Lincoln	374	272996	230.8	1119	40.809	-96.6804
82	Orlando	396	262372	265.2	899	28.4159	-81.2988
83	Jersey City	397	262146	38.3	6462	40.7114	-74.0648
84	Chula Vista	1	260988	128.5	1898	32.6277	-117.0152
85	Buffalo	79	258703	104.6	2498	42.8925	-78.8597
86	Fort Wayne	27	258522	286.5	885	41.0882	-85.1439
87	Chandler	253	254276	166.8	1415	33.2829	-111.8549
88	St. Petersburg	396	253693	159.9	1531	27.762	-82.6441
89	Laredo	368	252309	230.3	1025	27.5477	-99.4869
90	Durham	403	251893	278.1	821	35.981	-78.9056
91	Irvine	1	248531	171.2	1240	33.6784	-117.7713
92	Madison	407	245691	198.9	1173	43.0878	-89.4301
93	Norfolk	134	245428	140.2	1732	36.923	-76.2446
95	Lubbock	368	243839	317	724	33.5665	-101.8867
96	Gilbert	253	239277	176	1184	33.3102	-111.7422
97	Winston–Salem	403	239269	343	669	36.1033	-80.2606
98	Glendale	253	237517	155.3	1460	33.5331	-112.1899
99	Reno	400	236995	266.8	844	39.4745	-119.7765
100	Hialeah	396	235563	55.6	4044	25.8699	-80.3029
101	Garland	368	235501	147.8	1535	32.9098	-96.6304
102	Chesapeake	134	233371	882.7	252	36.6794	-76.3018
103	Irving	368	232406	173.6	1246	32.8577	-96.97
104	North Las Vegas	400	230788	262.5	827	36.283	-115.0893
105	Scottsdale	253	230512	476.4	456	33.6687	-111.8237
107	Baton Rouge	405	228895	199.3	1152	30.4485	-91.1259
108	Fremont	1	228758	200.6	1067	37.4944	-121.9411
109	Richmond	134	217853	154.9	1318	37.5314	-77.476
110	Boise	398	216282	205.56	1001	43.5985	-116.2311
111	San Bernardino	1	215213	153.3	1369	34.1393	-117.2953
112	Birmingham	325	212247	378.3	561	33.5274	-86.799
113	Spokane	399	212052	153.4	1361	47.6736	-117.4166
114	Rochester	79	209983	92.7	2272	43.1699	-77.6169
115	Modesto	1	209286	95.5	2107	37.6609	-120.9891
116	Des Moines	164	209220	209.5	971	41.5739	-93.6167
117	Oxnard	1	205437	69.7	2841	34.2023	-119.2046
118	Tacoma	399	205159	128.8	1541	47.2522	-122.4598
119	Fontana	1	204950	109.9	1784	34.1088	-117.4627
120	Fayetteville	403	203948	377.7	531	35.0851	-78.9803
121	Moreno Valley	1	202976	132.8	1456	33.9233	-117.2057
122	Columbus	15	200887	560.4	339	32.5102	-84.8749
123	Huntington Beach	1	200809	69.3	2742	33.6906	-118.0093
125	Yonkers	79	200667	46.7	4201	40.9459	-73.8674
126	Montgomery	325	200481	413.3	498	32.3463	-86.2686
127	Aurora	401	200456	116.4	1700	41.7635	-88.2901
128	Glendale	1	200167	78.9	2431	34.1814	-118.2458
129	Shreveport	405	198242	272.9	730	32.467	-93.7927
130	Akron	333	197859	160.7	1239	41.0805	-81.5214
131	Little Rock	393	197706	308.7	627	34.7254	-92.3586
132	Amarillo	368	197254	257.6	740	35.1978	-101.8287
133	Augusta	15	196741	783.4	250	33.3655	-82.0734
135	Mobile	325	194675	360.3	542	30.6684	-88.1002
136	Grand Rapids	183	193792	115	1635	42.9612	-85.6556
137	Salt Lake City	410	190884	287.8	648	40.7785	-111.9314
138	Huntsville	325	188226	541.4	333	34.7843	-86.539
139	Tallahassee	396	188107	259.6	699	30.4551	-84.2534
140	Grand Prairie	368	185453	186.8	939	32.6842	-97.021
141	Overland Park	359	184525	193.8	894	38.889	-94.6906
142	Knoxville	2	184281	255.2	701	35.9709	-83.9465
143	Brownsville	368	183046	342.7	511	26.0183	-97.4538
144	Worcester	124	183016	96.8	1870	42.2695	-71.8078
145	Newport News	134	182965	178	1015	37.076	-76.5217
147	Santa Clarita	1	181557	136.5	1291	34.4049	-118.5047
148	Providence	344	179154	47.7	3736	41.8231	-71.4188
149	Fort Lauderdale	396	176013	90	1838	26.1413	-80.1439
150	Garden Grove	1	175078	46.5	3677	33.7788	-117.9605
151	Oceanside	1	174558	106.8	1565	33.2246	-117.3062
152	Rancho Cucamonga	1	174305	103.2	1601	34.1233	-117.5642
153	Santa Rosa	1	174170	107	1569	38.4468	-122.7061
154	Port St. Lucie	396	174110	295.1	558	27.281	-80.3838
155	Chattanooga	2	173778	355.2	472	35.0665	-85.2471
156	Tempe	253	172816	103.4	1564	33.3884	-111.9318
157	Jackson	275	171155	287.6	603	32.3158	-90.2128
158	Cape Coral	396	169854	273.7	564	26.6431	-81.9973
159	Vancouver	399	169294	120.3	1345	45.6372	-122.5965
160	Ontario	1	169089	129.3	1267	34.0395	-117.6088
161	Sioux Falls	216	168586	189	814	43.5383	-96.732
162	Peoria	253	166934	451.7	341	33.7877	-112.3111
163	Springfield	409	165378	211.7	754	37.1942	-93.2913
165	Pembroke Pines	396	164626	85.8	1804	26.0212	-80.3404
166	Elk Grove	1	163553	109.3	1400	38.4144	-121.3849
167	Salem	40	161637	124	1247	44.9237	-123.0231
168	Corona	1	161486	100.6	1515	33.8624	-117.5639
169	Lancaster	1	161043	244.2	641	34.6936	-118.1753
170	Eugene	40	160561	113.2	1379	44.0567	-123.1162
171	Palmdale	1	158279	274.4	557	34.5913	-118.109
172	McKinney	368	156767	161.1	814	33.2012	-96.668
173	Salinas	1	156677	60	2506	36.6902	-121.6337
174	Fort Collins	201	156480	140.6	1024	40.5482	-105.0648
175	Cary	403	155227	140.8	961	35.7821	-78.8141
176	Hayward	1	154612	117.4	1228	37.6281	-122.1063
177	Springfield	124	153991	82.5	1855	42.1155	-72.54
178	Pasadena	368	153887	110.8	1346	29.6583	-95.1505
179	Macon	15	153691	661	237	32.505	-83.396
180	Pomona	1	153350	59.4	2508	34.0586	-117.7613
181	Alexandria	134	150575	38.9	3596	38.8183	-77.082
182	Escondido	1	150243	95.3	1509	33.1336	-117.0732
184	Sunnyvale	1	149980	56.9	2460	37.3858	-122.0263
185	Lakewood	201	149643	111.1	1287	39.6989	-105.1176
186	359 City	359	149636	323.3	451	39.1225	-94.7418
187	Rockford	401	149123	158.2	966	42.2634	-89.0628
188	Torrance	1	148495	53	2742	33.835	-118.3414
189	Hollywood	396	148047	70.9	1986	26.0311	-80.1646
190	Joliet	401	147928	160.9	916	41.5181	-88.1584
191	Bridgeport	276	147612	41.4	3486	41.1874	-73.1957
192	Clarksville	2	146806	252.8	526	36.5664	-87.3452
193	Paterson	397	146753	21.8	6697	40.9147	-74.1628
194	Naperville	401	146128	100.4	1413	41.7492	-88.162
195	Frisco	368	145035	160.1	731	33.151	-96.8193
196	Mesquite	368	144416	119.2	1173	32.7639	-96.5924
197	Savannah	15	144352	267.2	510	32.0025	-81.1536
198	Syracuse	79	144263	64.9	2238	43.041	-76.1436
199	Dayton	333	141003	144.1	982	39.7774	-84.1996
200	Pasadena	1	140881	59.5	2305	34.1606	-118.1396
202	Orange	1	139812	64.2	2124	33.8048	-117.8249
203	Fullerton	1	139677	57.9	2335	33.8857	-117.928
204	McAllen	368	138596	125.2	1037	26.2185	-98.2461
205	Killeen	368	138154	138.8	922	31.0777	-97.732
206	Hampton	134	136879	133.2	1032	37.048	-76.2971
207	Bellevue	399	136426	82.8	1478	47.5978	-122.1565
208	Warren	183	135099	89	1505	42.4929	-83.025
209	Miramar	396	134989	76.5	1596	25.977	-80.3358
210	West Valley City	410	134495	92.1	1406	40.6885	-112.0118
211	Olathe	359	133062	154.5	815	38.8843	-94.8188
212	Columbia	406	132067	342.4	378	34.0298	-80.8966
213	Sterling Heights	183	131741	94.5	1372	42.5812	-83.0303
214	Thornton	201	130307	90.2	1316	39.918	-104.9454
215	New Haven	276	130282	48.4	2683	41.3108	-72.925
217	Waco	368	130194	230.4	542	31.5601	-97.186
218	Charleston	406	130113	282.3	425	32.8179	-79.9589
219	Thousand Oaks	1	129342	142.5	889	34.1933	-118.8742
220	Visalia	1	129281	93.9	1326	36.3272	-119.3234
221	Cedar Rapids	164	129195	183.4	689	41.967	-91.6778
222	Elizabeth	397	128705	31.9	3917	40.6663	-74.1935
223	Roseville	1	128615	93.8	1266	38.7657	-121.3032
224	Gainesville	396	128460	158.8	783	29.6788	-82.3459
225	Carrollton	368	128353	94	1267	32.9884	-96.8998
226	Stamford	276	128278	97.5	1258	41.0799	-73.546
227	Denton	368	128205	227.8	498	33.2151	-97.1417
228	Midland	368	128037	186.7	595	32.0299	-102.1097
229	Coral Springs	396	127952	61.6	1965	26.2708	-80.2593
230	Concord	1	127522	79.1	1543	37.9722	-122.0016
231	Topeka	359	127215	155.8	818	39.0362	-95.6948
232	Simi Valley	1	126871	107.4	1156	34.2669	-118.7485
233	Surprise	253	126275	273.9	429	33.6706	-112.4527
234	Lafayette	405	126066	127.5	946	30.2116	-92.0314
235	Kent	399	125560	74.1	1246	47.3853	-122.2169
236	Hartford	276	124705	45	2772	41.766	-72.6833
237	Santa Clara	1	122192	47.7	2443	37.3646	-121.9679
239	Victorville	1	121901	189.5	612	34.5277	-117.3536
240	Abilene	368	120958	276.6	423	32.4545	-99.7381
241	Murfreesboro	2	120954	143.3	759	35.8522	-86.4161
242	Evansville	27	120346	114.4	1027	37.9877	-87.5347
243	Vallejo	1	120228	79.4	1460	38.1079	-122.2639
244	Athens	15	119648	301.4	383	33.9496	-83.3701
245	Allentown	408	119104	45.4	2597	40.594	-75.4782
246	Berkeley	1	118853	27.1	4152	37.8667	-122.2991
247	Norman	308	118040	463	240	35.2406	-97.3453
248	Ann Arbor	183	117770	72.1	1581	42.2756	-83.7313
249	Beaumont	368	117585	214.5	552	30.0843	-94.1458
250	Independence	409	117494	200.9	582	39.0853	-94.3513
251	Columbia	409	116906	163.4	664	38.9479	-92.3261
252	Springfield	401	116809	154.1	755	39.7639	-89.6708
254	El Monte	1	116631	24.8	4582	34.0746	-118.0291
255	Fargo	55	115863	126.4	835	46.8652	-96.829
256	Peoria	401	115828	124.3	925	40.7523	-89.6171
257	Provo	410	114801	107.9	1042	40.2453	-111.6448
258	Lansing	183	114620	93.4	1224	42.7098	-84.5562
259	Odessa	368	114597	108.7	920	31.8804	-102.3434
260	Downey	1	114172	32.1	3478	33.9382	-118.1309
261	Wilmington	403	113657	133.4	798	34.2092	-77.8858
262	Arvada	201	113574	91	1169	39.8097	-105.1066
263	Costa Mesa	1	112784	40.5	2712	33.6659	-117.9123
264	Round Rock	368	112744	88.4	1131	30.5237	-97.6674
265	Carlsbad	1	112299	97.7	1078	33.1239	-117.2828
266	Miami Gardens	396	112265	47.2	2270	25.9489	-80.2436
267	Westminster	201	112090	81.7	1299	39.8822	-105.0644
268	Inglewood	1	111905	23.5	4670	33.9561	-118.3443
269	Rochester	395	111402	141.4	755	44.0154	-92.4772
270	Fairfield	1	111125	96.8	1088	38.2568	-122.0397
271	Elgin	401	111117	96.3	1124	42.0396	-88.3217
272	West Jordan	410	110920	84.1	1234	40.6023	-112.001
273	Clearwater	396	110703	66.2	1627	27.9795	-82.7663
274	Manchester	65	110448	85.7	1278	42.9847	-71.4439
277	Lowell	124	109945	35.2	3028	42.6389	-71.3221
278	Gresham	40	109892	60.1	1757	45.5023	-122.4416
279	Cambridge	124	109694	16.5	6359	42.376	-71.1183
280	Ventura	1	109484	56.1	1898	34.2681	-119.255
281	Temecula	1	109428	78.1	1282	33.5019	-117.1246
282	Waterbury	276	109307	73.9	1494	41.5585	-73.0367
283	Antioch	1	108930	73.4	1394	37.9775	-121.7976
284	Billings	394	108869	112.4	926	45.7895	-108.5499
285	High Point	403	108629	139.3	749	35.9855	-79.9902
286	Richardson	368	108617	74	1341	32.9723	-96.7081
287	Richmond	1	108565	77.9	1332	37.953	-122.3594
288	West Covina	1	108455	41.5	2554	34.0559	-117.9099
289	Pueblo	201	108423	138.9	767	38.2731	-104.6124
290	Murrieta	1	108368	87	1190	33.5719	-117.1907
291	Centennial	201	107201	74.4	1349	39.5906	-104.8691
292	Norwalk	1	107096	25.1	4198	33.9069	-118.0834
293	North Charleston	406	106749	119.5	538	32.8853	-80.0169
294	Everett	399	106736	86.6	1189	48.0033	-122.1742
295	Pompano Beach	396	106105	62.2	1606	26.2426	-80.1291
296	Daly City	1	106094	19.8	5095	37.7009	-122.465
297	Palm Bay	396	105838	170.2	606	27.9856	-80.6626
299	Burbank	1	105368	44.9	2301	34.1891	-118.3249
300	Wichita Falls	368	105114	186.8	560	33.9067	-98.5259
301	Boulder	201	105112	66.5	1524	40.0175	-105.2797
302	Green Bay	407	104891	117.8	884	44.5207	-87.9842
303	Broken Arrow	308	104726	159.5	620	36.0365	-95.781
304	West Palm Beach	396	104031	143.2	698	26.7483	-80.1266
305	College Station	368	103483	128.5	764	30.6013	-96.3144
306	Pearland	368	103441	122.9	740	29.5544	-95.2958
307	Santa Maria	1	103410	58.9	1689	34.9332	-120.4438
309	El Cajon	1	103091	37.4	2661	32.8017	-116.9605
310	San Mateo	1	102893	41.1	3094	37.5542	-122.3131
311	Lewisville	368	102889	110	1011	33.0383	-97.0061
312	Rialto	1	102741	57.9	1713	34.1118	-117.3883
313	Davenport	164	102448	163	611	41.5541	-90.604
314	Lakeland	396	102346	193	661	28.0411	-81.9589
315	Clovis	1	102189	60.3	1695	36.4931	-119.4211
316	Edison	397	101970	79.4	1289	40.504	-74.3494
317	Sandy Springs	15	101908	101	1009	33.5615	-84.227
318	Tyler	368	101421	140.8	688	32.35	-95.3
319	Las Cruces	3	101408	197.6	494	32.3197	-106.7653
320	South Bend	27	101190	107.4	942	41.6769	-86.269
321	Woodbridge	397	100824	63.5	1656	40.5608	-74.2926
322	Lauderhill	396	70626	22.1	3028	26.1655	-80.2325
323	Redlands	1	70622	93.5	730	34.0547	-117.1825
324	Franklin	2	70612	77.8	538	35.9291	-86.8575
326	Santa Fe	3	70297	96.7	744	35.6672	-105.9644
327	Muncie	27	70211	70.45	994	40.1933	-85.3881
328	Rock Hill	406	69967	111.8	591	34.9381	-81.0261
329	Missoula	394	69821	74.9	932	46.8625	-114.0116
330	Rancho Cordova	1	69740	86.7	770	38.5891	-121.3027
331	Flower Mound town	368	69650	107.2	603	33.0316	-97.0788
332	Palatine village	401	69387	35	1943	42.1169	-88.0405
334	Weston	396	69100	65.2	1002	26.1075	-80.3881
335	Jacksonville	403	69047	1935	424	30.3369	-81.6613
336	Bismarck	55	68896	79.9	766	46.8133	-100.7788
337	Flagstaff	253	68785	63.9	408.6	35.1991	-111.6311
338	Union City	397	68668	3.322	20004	40.7674	-74.0322
339	Pasco	399	68648	78.99	756	46.2386	-119.1086
340	North Richland Hills	368	68529	47.1	1400	32.8555	-97.2181
341	Mount Vernon	79	68458	34	545	38.3136	-88.9081
342	Dothan	325	68409	224.3	284	31.2272	-85.4072
343	Frederick	106	68400	59.41	2966	39.4138	-77.4111
345	Waterloo	164	68364	159	430	42.4925	-92.3461
346	Redondo Beach	1	68149	16	4200	33.8563	-118.3769
347	Pittsburg	1	68140	44.5	1300	38.028	-121.8847
348	St. Charles	409	68090	61.2	1074	38.7886	-90.5117
349	Yorba Linda	1	67826	50.4	1200	33.8885	-117.8132
350	Eau Claire	407	67684	82.9	793	44.8166	-91.5123
351	Walnut Creek	1	67673	51.1	1300	37.9063	-122.0651
352	Bossier City	405	67472	284	533	32.5177	-93.6913
353	Jackson	2	67319	128.2	508	35.633	-88.8208
354	Kenner	405	67064	39	1798	30.0097	-90.2505
355	South San Francisco	1	67009	23.6	2687	37.6561	-122.4255
356	Palo Alto	1	66955	61.8	960	37.4291	-122.138
357	Maple Grove	395	66945	84.5	728	45.0725	-93.4555
358	Camarillo	1	66923	50.5	1300	34.2333	-119.0333
360	Gaithersburg	106	66816	26.4	2268	39.1319	-77.2263
361	North Little Rock	393	66810	116.1	520	34.7808	-92.2569
362	Woodbury	395	66807	89.9	688	44.9188	-92.9366
363	Davis	1	66742	25.6	2600	38.5538	-121.738
364	Kissimmee	396	66722	43.2	1400	28.3038	-81.4127
365	Portland	146	66666	55.1	1199	43.6666	-70.2666
366	Oshkosh	407	66621	66.2	997	44.0241	-88.5611
367	New Braunfels	368	66394	115.1	584	29.7123	-98.1166
369	St. Cloud	395	66389	103.7	634	45.5512	-94.1666
370	Victoria	368	66094	85.9	743	28.8169	-96.9933
371	Eagan	395	66084	80.6	796	44.8177	-93.1669
372	Bayonne	397	65975	15	4192	40.6624	-74.1102
373	Rockville	106	65937	34.9	1749	39.0836	-77.1483
375	Schenectady	79	65936	28	2354	42.8141	-73.9372
376	Harlingen	368	65914	103.1	629	26.2123	-97.7123
377	Conroe	368	65871	136.2	411	30.3161	-95.4588
378	Johnson City	2	65813	111.2	592	36.3333	-82.3666
379	Yuba City	1	65773	37.7	4400	39.1347	-121.6261
380	Homestead	396	65524	37	1543	25.4711	-80.4681
381	Laguna Niguel	1	65448	38.4	1600	33.5319	-117.7025
382	San Clemente	1	65326	48.4	1300	33.4377	-117.6202
383	Skokie village	401	65112	26.1	2500	42.0333	-87.7427
384	Marysville	399	65087	42.1	524	40.2338	-83.3663
385	East Orange	397	65078	10.1	6323	40.765	-74.2118
386	Youngstown	333	65062	87.8	893	41.1123	-80.6512
387	Delray Beach	396	65055	39.8	1600	26.4591	-80.083
388	Shawnee	359	64599	108.3	560	39.0127	-94.7658
389	Conway	393	64490	90.7	475	35.0872	-92.4533
390	Pico Rivera	1	64235	21.4	2700	33.9888	-118.0891
391	Janesville	407	64009	87.7	724	42.6838	-89.0163
392	Lodi	1	63950	35.2	1700	38.1288	-121.2808